active_sum= [[3.73257371e+03 2.10139718e+02 1.99356690e+03 ... 0.00000000e+00
  1.15831013e+02 2.79437761e+01]
 [1.77433126e+03 2.64051182e+03 9.58287501e+01 ... 1.69515252e+00
  3.81175884e+01 2.30569213e+03]
 [8.65908924e+01 1.49506096e+03 2.97198972e+02 ... 4.09695481e+00
  1.92327904e+03 1.69377611e+03]
 ...
 [1.94893584e+03 1.30391128e+01 1.78381248e+02 ... 0.00000000e+00
  2.54275786e+01 2.52222853e+02]
 [3.41029693e+01 1.86875808e+03 1.84087473e+01 ... 1.89156222e+00
  2.43351537e+02 2.47902154e+01]
 [3.09769567e+02 1.57374530e+02 1.13784444e+02 ... 2.64322460e-01
  1.03758657e+02 9.05046404e+01]]
>>> for i in range(0, len(active_sum)):
...      print(active_sum[i])
...
[3.73257371e+03 2.10139718e+02 1.99356690e+03 7.27482934e+00
 7.24924751e-01 5.93646800e+02 8.15115499e+00 2.87290688e+03
 3.65592609e+00 1.31395047e+03 7.73032130e+00 1.72131148e+03
 3.20715456e+03 1.25089549e+02 9.96668791e+02 3.15980572e+02
 8.28738390e+02 5.90192352e+01 6.13822424e+02 0.00000000e+00
 2.28002779e+03 8.07113004e+00 4.56637867e+00 1.45004625e+02
 3.28374390e+03 2.88894944e+03 2.22376586e+01 4.74302837e+01
 2.99502912e+01 4.97270228e+02 5.01425890e+02 1.21544812e+03
 9.62484165e+00 8.60702609e+00 8.51819199e+02 1.88737940e+03
 2.71723466e+03 1.34175912e+02 0.00000000e+00 1.52210472e+02
 0.00000000e+00 0.00000000e+00 1.16505926e+01 3.27096299e+01
 1.20246150e+02 1.43165174e+02 7.45096342e+02 4.12958780e+00
 0.00000000e+00 5.14373911e+01 1.82022227e+03 4.06720186e+02
 3.78940513e+02 2.14304105e+03 3.19183144e+00 8.11110673e+02
 0.00000000e+00 8.41099397e+01 6.62511492e+01 5.19052240e+02
 0.00000000e+00 0.00000000e+00 9.07610458e+02 0.00000000e+00
 9.98445778e+01 1.25507994e+01 1.97642023e+01 7.74143513e+02
 1.98319560e+03 0.00000000e+00 0.00000000e+00 1.08944441e+01
 1.61230749e+00 2.81480479e+02 7.82716354e+02 0.00000000e+00
 6.06439317e+02 6.10163155e+02 5.23949538e+00 1.41157494e+02
 6.31294787e+02 3.30328754e+03 1.53855226e+03 2.55395899e+02
 2.75145983e+03 2.70348209e+02 0.00000000e+00 3.08354047e+02
 1.99833217e+01 4.20803246e+02 2.14276941e+03 1.10502210e+03
 1.79606748e+00 2.33012510e+03 2.71881518e+03 0.00000000e+00
 1.19717844e+02 4.65337688e+02 0.00000000e+00 1.30318335e+02
 2.77031574e+03 2.70765430e+01 7.36133503e+00 4.21221154e+01
 6.44724220e-01 2.46646793e+00 5.33988664e+01 7.00921841e+02
 6.51688874e+01 0.00000000e+00 2.87474775e+02 0.00000000e+00
 1.67855491e+01 3.26958682e+02 5.16341407e+01 2.82831526e+03
 1.77889151e+03 1.50215351e+01 1.26764451e+01 1.15755407e+02
 2.55712640e+03 8.62662637e+02 1.40612986e+02 0.00000000e+00
 3.14798883e+03 0.00000000e+00 1.15831013e+02 2.79437761e+01]
[1.77433126e+03 2.64051182e+03 9.58287501e+01 1.18712115e+03
 2.10329313e+02 5.10436416e+02 2.27760160e+03 2.73629291e+03
 4.59908704e+02 3.42801562e+00 1.13530559e+03 1.30758795e+03
 7.04636896e+02 2.08197684e+02 6.74723914e+01 1.27958865e+01
 5.86825525e+01 1.37758446e+03 1.00293142e+03 1.83550214e+03
 1.49848887e+03 6.70324073e+02 1.46707758e+03 1.48077038e+03
 5.63780782e+02 9.48734931e+01 6.76132260e+00 3.43754748e+02
 2.21906896e+03 6.83885867e+02 7.39565240e+00 1.40799337e+03
 1.13884151e+03 7.13865406e+00 5.35183065e+02 8.14269189e+02
 9.88760003e+00 2.18104264e+03 5.95482190e+02 3.54236108e+02
 0.00000000e+00 0.00000000e+00 2.51233036e+01 6.06167349e+01
 2.72499375e+02 7.24534512e+01 6.71538259e+01 2.70115984e+03
 0.00000000e+00 3.09333587e+02 4.32766105e+01 5.32856857e+02
 1.25379088e+03 4.63706912e+02 1.90865684e+03 1.16363104e+00
 1.26614935e+02 3.01604229e+01 0.00000000e+00 8.68453568e+02
 5.98452562e+01 3.23885730e+00 1.93377529e+02 3.42410402e+00
 9.78456512e+02 6.83816176e+02 5.40206220e+02 1.60172553e+03
 6.10987121e+00 0.00000000e+00 1.27747715e+00 5.38599902e+02
 6.94333666e+00 0.00000000e+00 9.02227307e+02 0.00000000e+00
 6.32277984e+02 7.20891143e+02 2.02276769e+02 3.44421294e+03
 2.79734505e+01 8.44685575e+02 1.29716706e+03 4.26215849e+01
 1.07294891e+02 2.33445065e+02 0.00000000e+00 1.64999541e+01
 1.29407178e+03 1.46256017e+03 1.94524900e+02 1.36208971e+03
 7.56164121e+02 1.09444984e+02 2.28836165e+01 0.00000000e+00
 7.68369098e+01 0.00000000e+00 3.68087292e-02 2.48937224e+03
 6.69089070e+02 3.68059227e+01 6.99911739e+01 1.13375142e+03
 3.98353255e+00 1.65593550e+01 2.23074458e+01 6.56478510e+02
 1.49388270e+03 2.35517629e+03 8.59366173e+02 1.24666833e+02
 4.96831569e+01 8.27410042e-01 1.90562486e+03 9.32223761e+01
 4.44143064e+02 2.55136400e+02 9.30380770e+02 7.47191808e+02
 1.33130571e+03 1.96295345e+03 1.90206635e+00 9.64793921e-01
 5.98316860e+01 1.69515252e+00 3.81175884e+01 2.30569213e+03]
[8.65908924e+01 1.49506096e+03 2.97198972e+02 9.87883128e+01
 1.08130669e+03 1.70461369e+02 1.15511694e+02 1.18255711e+02
 2.39516790e+01 2.82735318e+03 5.48710974e+01 8.65985099e+02
 3.92098133e+02 4.03320149e+02 1.04975347e+01 1.13585643e+02
 5.54930704e+02 7.82330817e+02 2.15139643e+02 8.63209914e+00
 5.08111239e+03 1.85890821e+02 2.47531965e+02 6.26764326e+01
 6.33835948e+02 2.44528753e+01 2.21883693e+02 1.57294625e+02
 3.29432310e+03 1.83833238e+02 1.75843846e+01 1.00437020e+03
 3.24849346e+03 6.11548147e+01 6.34206961e+02 4.12711812e+02
 1.53375536e+02 6.71100747e+01 2.15791687e+01 2.20956777e+03
 0.00000000e+00 0.00000000e+00 4.11838127e+02 2.40829749e+01
 1.48021467e+01 2.08484506e+02 2.19073271e+02 9.38777449e+02
 0.00000000e+00 2.63775640e+02 2.10457992e+03 2.87140912e+03
 1.26097750e+03 4.24010498e+01 2.26178885e+03 3.05122769e+02
 4.86542290e+00 2.45401766e+03 1.12971180e+02 1.10921185e+02
 1.15528136e+02 7.17710673e+01 1.98053340e+03 2.42375299e-01
 1.19228888e+02 8.12518164e+02 2.93945494e+02 1.62804284e+01
 1.87000960e+03 3.56997885e-02 1.10494547e-01 8.61178179e+02
 1.55320666e+02 6.34076720e+00 2.39960645e+00 0.00000000e+00
 2.59244614e+03 1.81369610e+03 5.79189730e+01 7.83928220e+01
 1.14243047e+03 7.85026170e+02 1.01374883e+01 2.80215532e+01
 1.62724378e+03 2.51313606e+01 7.05470204e-01 1.19381738e+02
 4.80303231e+02 1.96239436e+01 8.54967568e+01 1.96184963e+03
 2.61029484e+01 1.71880474e+03 6.17007896e+02 0.00000000e+00
 1.27930229e+02 4.10641691e+01 0.00000000e+00 7.30030527e+02
 1.00938667e+03 7.70608944e+00 4.54299873e+01 2.92288577e+02
 3.54394674e-01 1.68929797e+01 3.65439480e+02 1.10761046e+02
 5.48075098e+01 2.69497133e+02 2.34696785e+03 3.01787567e+00
 1.68770772e+02 9.58641140e+02 7.81096925e+02 1.45897926e+03
 3.62392101e+02 6.43345774e+02 7.09196270e-01 3.76283504e+03
 2.39087551e+01 1.47803023e+01 2.17752367e+02 1.53293797e+02
 1.85181583e+02 4.09695481e+00 1.92327904e+03 1.69377611e+03]
[3.01228806e+01 9.23910348e+01 6.70381447e+01 1.17531652e+02
 1.58505165e+00 1.87100712e+03 3.50488113e+02 1.13521737e+02
 3.70808727e+02 6.56600143e+01 7.89850235e-01 2.76362510e+00
 4.09370403e+03 6.18642477e+01 3.79708213e+00 1.96785378e+01
 3.22195659e+01 1.92576174e+03 8.91906350e+01 5.67614207e+00
 6.03079754e+03 2.16016411e+03 5.88555589e+00 6.25639175e+01
 4.63175252e+01 8.20495733e+02 1.73852632e+01 8.78900602e+00
 4.56576964e+03 9.53823435e+02 1.25768930e+02 3.36254314e+02
 1.89433773e+03 2.28957214e+02 3.32303545e+03 2.16304037e+03
 5.86989779e+01 2.50398386e+00 2.65844378e+02 1.62182355e+03
 0.00000000e+00 0.00000000e+00 1.87246100e+03 1.82476184e+02
 3.19732755e+02 6.39085107e+02 4.66037980e+01 1.51175949e+02
 0.00000000e+00 7.51344633e+00 7.34916634e+01 2.49761318e+03
 2.23628940e+03 2.88104029e+02 1.71782172e+03 1.22434745e+01
 4.82920789e+01 8.14948493e+02 5.01595020e+01 1.09138293e+03
 4.86112586e+02 4.09174651e+01 2.54167328e+03 9.38144318e+01
 2.81769094e+02 2.90935826e+00 9.33111542e+01 4.56153437e+00
 1.11677238e+01 0.00000000e+00 0.00000000e+00 2.85495655e+01
 2.93725189e+02 2.35656922e+01 7.88785727e+00 0.00000000e+00
 1.33325041e+03 1.14086000e+03 9.91596703e+02 6.01081463e+01
 6.01257006e+02 4.14733566e+00 2.72720844e-01 1.39266804e+00
 4.26502457e+02 2.62268852e+02 3.95499904e+01 2.04801985e+03
 1.42735780e+02 2.07797056e+01 1.68050646e+03 2.03535116e+03
 1.75890529e+03 6.29434592e+01 1.42963300e+02 0.00000000e+00
 8.27573866e-01 3.41542294e+01 0.00000000e+00 2.56918089e+01
 6.01536527e+02 1.58728108e+03 6.56965768e+02 7.75122025e+00
 2.18453371e+01 0.00000000e+00 4.35542526e+01 7.62121347e+02
 7.64298969e+01 5.71598729e+00 9.17477981e+02 0.00000000e+00
 4.62003739e+03 2.73589265e+01 1.09411820e+01 2.41885889e+03
 2.05591658e+02 9.24031903e+01 5.09050086e-01 4.09038061e+03
 5.44730108e+01 3.02868728e+01 2.91296521e+02 6.86376309e+00
 1.94646142e+03 5.06168731e+01 2.65544248e+03 1.15098847e+01]
[9.77780977e+01 1.97730079e+03 3.19834386e+02 9.22324944e+02
 6.18076024e+01 7.18014900e+00 4.16407133e+03 1.72353587e+01
 1.74212382e+02 4.08680080e+02 5.70571188e+02 8.35801710e+01
 2.15035954e+03 1.31976166e+03 8.08115037e+00 2.87620292e+03
 2.11443052e+03 2.20808014e+02 1.36627310e+01 2.38219222e+02
 2.44273541e+03 3.31604904e+02 1.56589120e+03 1.78892196e+01
 7.53972342e+01 3.71561286e+01 6.51983568e+01 1.64612157e+03
 6.86703599e+02 4.32767835e+02 6.89111825e+02 0.00000000e+00
 3.41621969e+01 8.67021376e+01 2.06772452e+02 1.65253479e+03
 7.26679248e+01 1.60988742e+03 1.14217095e+03 7.90806279e+01
 0.00000000e+00 0.00000000e+00 1.37722013e+01 5.58731799e+02
 1.21133921e+01 3.94939766e+03 6.04923347e+01 4.59947823e+02
 0.00000000e+00 4.48924229e+01 1.90536235e+01 1.24281077e+01
 1.64582791e+03 7.74088092e+01 2.24293569e+02 5.67743753e+02
 3.78935871e+02 1.64711147e+01 4.92186713e+02 1.67283489e+03
 2.03591076e+03 8.18027321e+02 8.37563723e+01 4.78216506e+02
 2.40073428e+02 2.11389180e+03 2.31265069e+03 1.64986168e+03
 4.72407037e+01 1.92306015e+01 3.35151741e+01 1.82199850e+03
 2.13789163e+03 4.76252396e+00 6.41190748e+00 0.00000000e+00
 1.51391722e+03 1.87034381e+03 7.08951158e+01 2.18572380e+03
 1.63469868e+03 3.13566760e+01 2.19777998e+03 1.66812562e+03
 2.51199204e+02 3.28444110e+00 0.00000000e+00 1.36516708e+01
 1.85238699e+03 9.91498374e+01 5.83791835e+02 8.81545056e+01
 1.17136876e+02 4.79248326e+01 1.36945250e+02 0.00000000e+00
 6.68306541e+02 2.23645951e+01 0.00000000e+00 1.89729065e+03
 1.58645432e+03 3.70008643e+01 6.42591639e+02 2.67389313e+03
 9.67191845e+00 2.50422979e+02 2.74631608e+00 8.33212572e+01
 3.98325400e+03 2.01358610e+01 1.02804903e+03 3.91309677e+00
 1.82397800e+01 7.67612211e+01 3.64328898e+02 8.97927527e+01
 8.24210212e+01 8.96688864e+01 1.75719564e+03 1.23110391e+02
 2.21359317e+01 8.55556518e+02 6.53385739e+01 0.00000000e+00
 1.27331962e+02 4.61416990e-01 8.06969805e+02 9.26163799e+02]
[1.12956663e+01 8.74350412e+01 1.15018159e+03 7.37856479e+00
 3.86271960e+00 1.62375772e+03 1.97376746e+03 3.58020996e+01
 2.11559885e+03 6.54355234e+01 1.22593174e+02 1.07631600e+00
 2.44245752e+03 1.27995908e+01 3.33638225e+02 9.52331760e+01
 1.50936415e+02 4.81110799e+02 7.99503306e+01 4.61984637e+00
 2.78826456e+03 1.03176234e+02 6.78243744e+00 1.11619442e+02
 1.96915855e+01 1.68342160e+03 2.88750217e+01 6.35183216e+01
 1.58068283e+03 3.01535571e+03 3.81370155e+03 8.56404178e+01
 2.44962057e+01 2.89338883e+02 3.35187154e+03 8.34318281e+02
 1.42937792e+03 1.35060297e+01 1.30621079e+02 1.17826954e+03
 0.00000000e+00 0.00000000e+00 1.42133575e+03 5.33938489e+01
 1.28582173e+03 1.24559232e+03 7.79785734e+01 5.11891669e+00
 0.00000000e+00 4.07864368e+00 1.41884026e+01 1.51463700e+02
 2.73186406e+02 4.08883621e+02 1.02508831e+01 9.91269254e+01
 5.49623332e+01 2.51147303e+02 3.85846329e+01 2.97701310e+03
 2.02561712e+02 6.38284879e+01 2.85210554e+03 1.63271464e+02
 5.38338851e+02 1.66198294e+02 3.25095737e+02 3.83326166e+00
 9.35185909e-01 9.60550044e+00 2.24811732e+01 8.38995759e+01
 6.45134863e+02 1.52082980e+02 6.48068136e+02 0.00000000e+00
 7.07546447e+01 4.98047469e+01 9.02805762e+02 1.16231668e+03
 1.98461373e+03 6.68153018e-02 3.20917402e+01 1.11414245e+03
 2.03477990e+01 1.45059043e+03 1.83489579e+00 8.18237843e+02
 2.56447904e+02 3.09695827e+03 2.42299069e+03 5.98199941e+01
 1.64111335e+02 1.05687924e+01 4.33751020e+01 0.00000000e+00
 7.21235238e+01 2.89252098e+02 0.00000000e+00 3.23747423e+01
 1.00501111e+02 1.98161124e+03 3.47626948e+01 3.26478828e+02
 5.33198435e+01 3.15034777e-01 1.85354882e+02 1.56236089e+02
 4.99966979e+01 2.94563833e+01 4.19581701e+02 8.25089552e+01
 2.53089674e+03 2.43568804e+02 4.13265796e+01 3.64200554e+03
 1.21224999e+03 1.11493468e+03 2.04497360e+02 2.19566722e+02
 1.93739363e+02 1.95480012e+02 9.84936146e+02 0.00000000e+00
 4.23617411e+03 1.97756410e+02 2.45119035e+03 3.92959142e+00]
[7.69094344e+01 1.22576951e+03 1.85075481e+03 9.72103922e+00
 6.10103616e+01 1.51156846e+03 4.40569588e+02 1.10998605e+02
 6.44541236e+01 3.97479249e+02 1.98234976e+03 4.83719602e+01
 1.43987077e+03 5.35749722e+02 5.22717567e+02 3.36896595e+02
 1.90753561e+03 5.43506595e+00 1.89214668e+02 1.84739918e+00
 1.37854463e+03 1.22228175e+02 1.19190451e+01 5.44654898e+00
 3.11687659e+03 3.64327250e+02 5.13098776e-01 4.96411139e+00
 3.83869557e+02 2.84925840e+03 3.22171974e+03 3.56527801e+01
 7.03234674e+00 1.11875008e+00 9.88805052e+02 2.36794586e+03
 1.83088476e+03 1.65776500e+01 4.83047345e+02 1.09457710e+02
 0.00000000e+00 0.00000000e+00 3.19289040e+02 6.92432503e+00
 1.64546433e+02 9.41579710e+00 9.46549641e+01 4.72550610e+02
 0.00000000e+00 2.61367778e+03 4.15397787e+02 3.17277497e+02
 5.60501706e+02 2.07118306e+03 6.03394058e+00 1.03255481e+01
 2.01247010e+00 1.71699001e+03 1.98163450e+01 3.27220198e+03
 1.08661916e+02 1.33361994e+03 3.35027129e+02 6.14895567e-01
 1.24596856e+03 1.12889934e+03 5.43531687e+01 2.34585387e+01
 5.14659163e+00 0.00000000e+00 7.30157822e-01 9.62675800e+01
 5.87570169e+01 2.34975252e+01 9.43501442e+01 0.00000000e+00
 1.67872305e+02 6.51697305e+02 6.83145604e+00 2.47695104e+03
 2.31113178e+03 3.95696696e+02 3.07833423e+03 1.79415906e+03
 6.56005329e+01 2.70915482e+03 2.43322065e+00 5.32339405e+00
 2.27044035e+03 3.69970630e+03 1.50980117e+03 1.10811732e+02
 6.82158903e+00 3.35926012e+02 2.77961206e+03 0.00000000e+00
 7.54349368e+01 7.07138711e+02 0.00000000e+00 1.91805296e+03
 4.59432696e+01 1.77317078e+00 4.04726290e+00 2.44618198e+03
 0.00000000e+00 2.09759677e+03 2.54363656e+00 2.41444859e+01
 4.89738552e+02 4.73268273e+01 1.03013640e+03 0.00000000e+00
 1.02573175e+02 3.25268228e+02 8.94552418e+02 3.56884971e+03
 3.41105984e+01 8.73773857e+02 2.74119844e+02 4.28691902e+01
 5.13913782e+02 2.34210814e+02 1.35591821e+03 0.00000000e+00
 4.34129835e+03 0.00000000e+00 3.82201565e+02 7.53914700e+02]
[1.94893584e+03 1.30391128e+01 1.78381248e+02 2.48505767e+02
 3.50469635e+02 7.49221596e+01 3.01225140e+03 1.02643969e+01
 3.55592497e+00 4.68249603e+01 1.24899951e+01 1.62803996e+03
 1.29537616e+03 2.34295043e+03 2.27584446e+00 3.00462403e+02
 1.22830576e+01 3.07373991e+02 1.25569839e+03 3.07528211e+02
 3.06450240e+03 1.80496041e+03 1.25207109e+03 1.38110132e+03
 9.36063113e+00 4.29694047e+02 3.39082492e+03 2.73869895e+03
 1.90768740e+03 3.28082768e+02 5.44942638e+01 9.72715825e+02
 2.28231509e+03 1.37363522e+03 4.71833658e+02 3.69620125e+01
 1.36484367e+02 5.85139293e+02 1.96954238e+01 6.27557049e+02
 0.00000000e+00 0.00000000e+00 1.13689759e+01 2.64991155e+02
 1.67458085e+01 2.03656349e+03 1.23436213e+01 4.26624056e+02
 0.00000000e+00 3.00262421e-01 7.32706695e+01 4.17981776e+02
 1.06546470e+02 1.66026250e+01 5.16976172e+02 1.34147761e+01
 2.11794451e+03 1.39011729e+01 8.93634696e+02 2.34316789e+01
 3.77155123e+02 2.49149196e+01 2.32468142e+03 9.18587148e+01
 8.07338887e+01 6.72470163e+01 3.53572240e+02 1.44661174e+01
 3.20268561e+02 1.47498078e+01 1.24745557e+01 9.35570835e+01
 8.25813837e+02 3.65619406e+02 6.49113980e+02 0.00000000e+00
 1.21130095e+03 1.26018173e+03 1.65832199e+02 6.89777843e+01
 1.48128135e+02 4.08453071e+02 1.20887872e+02 3.60614025e+02
 5.03972107e+02 0.00000000e+00 3.57078195e+01 2.81694561e+03
 5.69300025e+01 4.15451816e+00 2.45086403e+02 3.38956282e+02
 1.60952207e+03 9.74994569e+02 5.01787959e-01 0.00000000e+00
 1.67645322e+03 4.28100325e+02 7.99763851e-01 4.88882206e+02
 2.45772182e+03 6.19861265e+02 2.17169269e+02 1.16110059e+01
 1.80156888e+01 3.00192222e+00 2.02219145e+02 1.91324213e+03
 1.05844552e+03 5.71980779e+02 3.00754052e+01 9.33905929e-01
 7.73095647e+01 1.56731447e+01 1.40424704e+03 5.27590455e+01
 1.29631271e+02 1.37751410e+03 3.66927210e+01 1.45806337e+03
 2.66700796e+02 7.19596684e+02 2.02738142e+02 1.04235966e+02
 2.72860755e+02 0.00000000e+00 2.54275786e+01 2.52222853e+02]
[3.41029693e+01 1.86875808e+03 1.84087473e+01 1.23440331e+03
 3.78838306e+00 4.17060398e+02 8.59972506e+02 5.12218559e+02
 1.29625215e+01 3.34024150e+01 5.77447740e+02 2.02892081e+01
 3.21713128e+03 5.10284505e+01 1.44907339e+03 2.33628336e+00
 9.34217484e+00 2.41379329e+03 1.38878658e+03 2.27270575e+01
 5.44863554e+03 9.51843937e+02 1.94909839e+03 4.21113072e+02
 1.38782988e+02 2.96737429e+01 1.73049629e-01 1.71237220e+02
 2.97155081e+03 4.22898799e+02 8.37342262e+02 7.01503736e+01
 2.69890379e+02 7.45121146e+01 3.73048912e+03 6.98189873e+02
 7.03410695e+02 1.03582541e+02 6.36804972e+01 1.95691957e+03
 0.00000000e+00 0.00000000e+00 7.77160614e+01 6.58407748e-01
 1.93082340e+01 1.00045977e+02 9.11934447e+01 4.83326144e+01
 0.00000000e+00 3.83622038e+00 1.06877281e+03 6.72965615e+01
 7.07617278e+01 1.63109136e+02 1.86042287e+02 1.14431340e+02
 9.33965299e+00 1.55689576e+03 3.13200307e+01 4.93140210e+02
 3.35457683e+00 2.45985893e+01 2.43197765e+03 1.36082852e+01
 1.19834839e+02 1.27362974e+03 5.84482896e+01 3.98324427e+01
 3.02511219e+01 0.00000000e+00 0.00000000e+00 5.81906325e+00
 4.62857934e+01 1.37145638e+00 3.17677796e+01 0.00000000e+00
 1.22691040e+02 1.40414831e+03 1.09193346e+02 3.05329510e+02
 2.31618458e+03 6.05578232e+01 9.51880408e+01 1.67226591e+02
 2.23865889e+03 1.16936318e+02 0.00000000e+00 2.93643987e+01
 6.12597970e+01 1.87959235e+03 2.94284692e+03 7.82302896e+02
 8.07431568e+01 4.11614006e+01 1.25659270e+01 0.00000000e+00
 3.44818947e+02 4.54489186e+02 0.00000000e+00 1.73295557e+03
 1.91850296e+03 1.15779955e+01 0.00000000e+00 2.82902624e+02
 4.86147642e-01 2.36428319e+01 3.38103229e+00 5.22846117e+02
 6.72498333e+01 5.88606492e+00 2.41877228e+03 2.40254541e+00
 2.12730712e+02 2.03652654e+01 1.60874011e+03 3.06720203e+03
 2.99321161e+01 8.68138940e+02 1.16373710e+01 1.32290701e+03
 1.45261062e+03 1.41725527e+03 9.22917737e+02 0.00000000e+00
 2.04602937e+03 1.89156222e+00 2.43351537e+02 2.47902154e+01]
[3.09769567e+02 1.57374530e+02 1.13784444e+02 1.60784335e+03
 3.69505133e+01 5.31151079e+00 3.13454312e+03 3.40818435e+01
 8.49347059e+01 2.05867793e+02 7.80409691e+02 1.39658787e+02
 3.59515269e+03 3.80597359e+02 2.10200797e+00 1.23352242e+03
 3.99463244e+02 4.58858230e+02 1.61495170e+02 1.67662007e+03
 4.08528127e+03 7.98021857e+01 6.64178146e+02 8.96516404e+01
 9.64887786e+00 5.93969498e+02 1.77754939e+03 2.71144482e+03
 4.05859256e+02 1.05846074e+02 6.61109695e+02 8.28676228e+00
 1.19508604e+01 2.62750047e+02 8.58574663e+02 9.00833698e+02
 9.18614300e+02 8.86602073e+02 9.41704511e+01 4.48057218e+01
 0.00000000e+00 0.00000000e+00 3.51221187e+01 7.18829812e+02
 7.80070886e+01 3.63568707e+03 3.15485369e+02 6.56499021e+00
 0.00000000e+00 0.00000000e+00 4.86495564e+01 0.00000000e+00
 1.21340276e+02 1.44101894e+02 3.35067832e+02 6.62731413e+01
 1.72240810e+03 3.40675974e+01 1.28181733e+03 1.38369346e+02
 4.74284491e+02 5.93554676e-01 1.79183600e+03 1.24986140e+03
 6.70542500e+02 1.94026988e+03 6.37491610e+02 2.32776902e+01
 2.42431915e+01 7.77064168e+01 7.48730796e+02 2.86034631e+02
 3.53535382e+02 7.71998391e+00 7.90598601e+00 0.00000000e+00
 1.22297262e+02 2.83198978e+03 5.46842969e+02 8.87364784e+01
 2.10957124e+03 2.64358321e+01 1.42245101e+02 1.25393101e+02
 1.90338786e+03 6.23082985e+00 0.00000000e+00 6.32072340e+02
 2.66575550e+01 4.07213676e+02 2.74736402e+03 1.90761611e+02
 7.66077566e+02 4.79995150e+01 7.51855291e+01 0.00000000e+00
 3.88503487e+02 3.08405746e+02 0.00000000e+00 1.46917015e+02
 3.20653853e+03 1.00933141e+03 2.62652072e+02 5.24284685e+00
 1.91775361e+00 3.52750066e+01 8.40610930e+00 1.99929088e+03
 1.03529168e+03 1.13545614e+00 3.73377114e+02 0.00000000e+00
 8.39531409e+01 1.54741789e+01 1.69568847e+02 5.40552081e+02
 1.29028958e+02 3.24910891e+02 1.03977350e+03 4.22025260e+02
 4.56959329e+01 1.01061454e+03 5.18102176e+02 8.76735187e+00
 2.31836760e+02 2.64322460e-01 1.03758657e+02 9.05046404e+01]


active_sum2 = 
[3.59417451e+04 5.08657220e+02 1.24764847e+04 5.55899956e+00
 4.04629884e-01 2.44948274e+03 1.26722490e+01 2.39119274e+04
 3.92180434e+00 5.57961994e+03 1.14884561e+01 8.34104608e+03
 2.34026294e+04 3.98613223e+02 3.83330401e+03 9.30652564e+02
 4.11812310e+03 1.47752128e+02 3.39240912e+03 0.00000000e+00
 1.21914216e+04 1.25877333e+01 6.56741611e+00 4.39216384e+02
 2.70902732e+04 2.07549344e+04 6.52944888e+01 1.02149758e+02
 5.17363064e+01 1.98211822e+03 1.86435440e+03 4.29017891e+03
 1.51794606e+01 1.38202747e+01 2.96888095e+03 9.01538260e+03
 1.78680290e+04 4.03759507e+02 0.00000000e+00 3.84373100e+02
 0.00000000e+00 0.00000000e+00 1.99965378e+01 5.35677341e+01
 2.96015332e+02 3.27126713e+02 2.22467998e+03 1.06105433e+01
 0.00000000e+00 9.12730188e+01 8.38951183e+03 9.34839916e+02
 1.06039024e+03 1.73213152e+04 1.86313417e+00 2.94509787e+03
 0.00000000e+00 1.58704097e+02 1.86651504e+02 1.61695305e+03
 0.00000000e+00 0.00000000e+00 2.69004274e+03 0.00000000e+00
 3.73446096e+02 2.01670274e+01 2.98055341e+01 2.34275202e+03
 1.04181491e+04 0.00000000e+00 0.00000000e+00 4.63356154e+01
 1.37689221e+00 1.34188242e+03 2.95234924e+03 0.00000000e+00
 1.71714537e+03 1.66424806e+03 1.02085548e+01 4.09433289e+02
 1.54661501e+03 2.97150102e+04 7.56204434e+03 7.48307844e+02
 1.81337921e+04 7.31485174e+02 0.00000000e+00 1.01441906e+03
 3.40364505e+01 1.08511942e+03 1.06506305e+04 4.23252732e+03
 3.22585845e+00 1.48803352e+04 2.04463873e+04 0.00000000e+00
 2.13485813e+02 1.62174830e+03 0.00000000e+00 3.04103153e+02
 1.85784664e+04 8.13274929e+01 5.58487876e+00 6.19394622e+01
 3.19000485e-01 4.02772185e+00 1.31604943e+02 2.12250658e+03
 1.77340626e+02 0.00000000e+00 6.77329921e+02 0.00000000e+00
 3.93165650e+01 1.70852323e+03 9.47709317e+01 1.99700479e+04
 1.07942933e+04 2.81130852e+01 1.28876573e+01 2.56210194e+02
 1.81495741e+04 3.03554730e+03 2.53587208e+02 0.00000000e+00
 2.35622492e+04 0.00000000e+00 1.92710952e+02 5.71300493e+01]
[8.71668406e+03 1.31698017e+04 9.88922211e+01 2.89610204e+03
 4.09421555e+02 1.03227034e+03 1.00905243e+04 1.52512944e+04
 1.47886250e+03 3.60963941e+00 2.80473442e+03 5.46609543e+03
 1.22806389e+03 2.70934287e+02 7.60285778e+01 9.62516626e+00
 6.91353272e+01 3.76559145e+03 3.23792553e+03 7.93369354e+03
 5.01610664e+03 1.38316105e+03 5.84792116e+03 4.66879135e+03
 1.11190128e+03 9.35432469e+01 1.88724914e+01 6.56606157e+02
 9.45920903e+03 1.98155196e+03 4.37901034e+00 4.16658666e+03
 2.93355947e+03 2.92936767e+01 1.96376335e+03 1.54380708e+03
 1.06917959e+01 1.16758730e+04 1.47451181e+03 1.53285355e+03
 0.00000000e+00 0.00000000e+00 9.11538097e+01 1.00266219e+02
 4.55014400e+02 8.78668134e+01 5.86745536e+01 1.38441032e+04
 0.00000000e+00 4.96502532e+02 3.39701182e+01 1.16825267e+03
 3.38210541e+03 1.07877986e+03 7.22358676e+03 6.62214015e-01
 2.03611943e+02 3.04710295e+01 0.00000000e+00 2.24124737e+03
 7.56739582e+01 3.72617554e+00 2.61767579e+02 2.10830050e+00
 4.75124794e+03 1.54844487e+03 1.23714513e+03 5.48660772e+03
 5.92858299e+00 0.00000000e+00 7.54684316e-01 1.83061502e+03
 2.05526669e+01 0.00000000e+00 1.75021193e+03 0.00000000e+00
 1.32157657e+03 1.43730324e+03 4.45976570e+02 2.46108800e+04
 2.09090438e+01 2.61121794e+03 4.43594597e+03 4.56489055e+01
 1.41262535e+02 5.10243724e+02 0.00000000e+00 2.89145016e+01
 4.47328191e+03 5.45616794e+03 2.00929222e+02 3.65139579e+03
 1.33745880e+03 1.47242153e+02 2.04304744e+01 0.00000000e+00
 9.70736027e+01 0.00000000e+00 1.35488249e-03 1.19450175e+04
 1.43708308e+03 4.85046054e+01 5.65740592e+01 3.24892793e+03
 7.93901348e+00 2.78124325e+01 3.70683992e+01 1.23065749e+03
 7.97281599e+03 1.17482295e+04 2.82278081e+03 4.10579623e+02
 2.17463476e+02 6.84607387e-01 7.09454218e+03 1.45734256e+02
 1.31678029e+03 5.34949150e+02 2.08176222e+03 3.02871031e+03
 4.41958392e+03 7.76039878e+03 9.31865864e-01 9.30827320e-01
 5.13261861e+01 1.11569624e+00 7.71504829e+01 1.03758701e+04]
[1.89531294e+02 8.30218899e+03 8.77160709e+02 2.23950794e+02
 4.56422346e+03 5.96379832e+02 2.74987895e+02 3.87131421e+02
 6.70890708e+01 2.11496834e+04 1.07138126e+02 5.62814845e+03
 1.26305252e+03 1.41226402e+03 1.54382091e+01 3.28647906e+02
 2.43617753e+03 3.18662285e+03 8.39097154e+02 2.46614700e+01
 5.55869155e+04 5.00108249e+02 6.74734192e+02 1.63606581e+02
 3.09630661e+03 5.08297139e+01 8.14983195e+02 3.88050901e+02
 2.47317658e+04 4.82078005e+02 4.99542533e+01 4.96867671e+03
 2.59831359e+04 1.63164700e+02 2.05631916e+03 1.00853617e+03
 3.60730321e+02 1.44314742e+02 1.08871592e+02 1.54997705e+04
 0.00000000e+00 0.00000000e+00 1.84460579e+03 5.97514131e+01
 2.37263910e+01 6.46600445e+02 6.29444088e+02 5.90432292e+03
 0.00000000e+00 9.98880853e+02 1.25023928e+04 2.16734140e+04
 5.43093194e+03 1.01845613e+02 1.53700734e+04 1.15762969e+03
 6.29159153e+00 1.60873973e+04 3.18077087e+02 2.85213541e+02
 4.03976735e+02 1.90533273e+02 1.10459943e+04 5.87457865e-02
 3.92868329e+02 3.31623139e+03 7.70000025e+02 2.56792721e+01
 1.01834566e+04 1.27447490e-03 1.22090448e-02 5.25524829e+03
 7.00209375e+02 2.25278786e+01 3.93861281e+00 0.00000000e+00
 1.70295520e+04 8.62678448e+03 1.97790207e+02 2.07928680e+02
 4.84210489e+03 3.84448711e+03 2.00169191e+01 3.72742052e+01
 9.34309956e+03 3.42358524e+01 4.97688204e-01 3.08134995e+02
 1.60360600e+03 4.97998509e+01 1.59147879e+02 1.20863847e+04
 3.62250581e+01 1.08080096e+04 2.57997681e+03 0.00000000e+00
 3.79831212e+02 5.02067111e+01 0.00000000e+00 2.51643616e+03
 3.90718569e+03 6.26741415e+00 6.84423372e+01 1.00509049e+03
 1.25595585e-01 2.49207058e+01 1.71937483e+03 2.54535253e+02
 1.30178858e+02 8.42784764e+02 1.76887698e+04 4.75268650e+00
 4.01961545e+02 6.63479549e+03 2.50862497e+03 6.48935690e+03
 1.27856312e+03 2.01987449e+03 5.02959371e-01 3.48236922e+04
 4.09014101e+01 2.18327736e+01 7.22789998e+02 4.99231060e+02
 5.22336905e+02 5.64654543e+00 1.43440333e+04 1.06898063e+04]
[8.94030626e+01 1.97807275e+02 1.52053179e+02 2.18099290e+02
 4.71433584e-01 1.47238167e+04 1.08879425e+03 3.71767654e+02
 1.00847703e+03 1.83550431e+02 6.23863399e-01 2.83371593e+00
 3.57813976e+04 1.85904872e+02 3.69679968e+00 2.94599917e+01
 6.74334672e+01 9.85819331e+03 2.43735738e+02 1.13327109e+01
 7.79693826e+04 1.45987183e+04 8.09849052e+00 2.93419415e+02
 1.50233318e+02 3.45088568e+03 3.10904785e+01 1.12449722e+01
 4.48182600e+04 3.93213355e+03 3.58969071e+02 9.36540669e+02
 8.98471131e+03 8.19372487e+02 2.56623714e+04 1.23662997e+04
 1.03382796e+02 2.73475897e+00 1.27989108e+03 8.84946662e+03
 0.00000000e+00 0.00000000e+00 1.25578420e+04 4.69826055e+02
 8.68625834e+02 2.07322928e+03 5.82094474e+01 4.59311543e+02
 0.00000000e+00 2.05186264e+01 1.14364942e+02 1.61769690e+04
 1.25823685e+04 9.94209003e+02 8.74285739e+03 1.59443210e+01
 1.58946637e+02 3.48423503e+03 9.75138960e+01 5.21072410e+03
 2.42584848e+03 6.05506959e+01 1.56785274e+04 1.46278500e+02
 9.40162289e+02 2.82576239e+00 2.23938945e+02 9.01008332e+00
 2.24147196e+01 0.00000000e+00 0.00000000e+00 6.63243162e+01
 1.12384536e+03 9.07854019e+01 1.03995864e+01 0.00000000e+00
 5.82134216e+03 4.30414903e+03 4.20264735e+03 1.97120386e+02
 1.54858929e+03 4.97300027e+00 7.43766576e-02 1.06676021e+00
 1.43939673e+03 6.76550755e+02 1.07342557e+02 1.07731409e+04
 3.45696774e+02 3.49172804e+01 7.95245140e+03 1.05308496e+04
 9.44868154e+03 1.14698770e+02 4.17435863e+02 0.00000000e+00
 4.13904745e-01 6.21032557e+01 0.00000000e+00 4.63249277e+01
 1.63100698e+03 8.50734232e+03 1.51413128e+03 8.61646445e+00
 5.62725946e+01 0.00000000e+00 8.73773690e+01 2.84590747e+03
 2.59248124e+02 6.17638723e+00 3.83853426e+03 0.00000000e+00
 4.99539298e+04 1.09284129e+02 2.20801577e+01 1.42254960e+04
 6.88529544e+02 2.62565822e+02 1.60479585e-01 4.32623162e+04
 8.69996478e+01 5.03944536e+01 6.15998143e+02 8.02045125e+00
 1.10008848e+04 8.33896715e+01 1.79480003e+04 2.27113961e+01]
[3.19400546e+02 9.77828789e+03 1.07769744e+03 2.95317804e+03
 1.16239807e+02 1.06930821e+01 3.49571265e+04 2.97893800e+01
 4.49017732e+02 1.81010634e+03 1.60076141e+03 1.57726674e+02
 1.00336666e+04 5.52710999e+03 9.71376988e+00 1.80021483e+04
 1.25277697e+04 7.49914264e+02 2.40132645e+01 5.41400566e+02
 1.23104656e+04 8.71141042e+02 7.91604468e+03 3.12281646e+01
 2.09568010e+02 6.08437275e+01 1.44510835e+02 6.87415609e+03
 2.21786964e+03 1.39736254e+03 2.48359861e+03 0.00000000e+00
 4.55695576e+01 1.27594122e+02 4.89877218e+02 7.46265171e+03
 1.09964920e+02 8.89379465e+03 4.75673878e+03 2.10748547e+02
 0.00000000e+00 0.00000000e+00 2.63473207e+01 2.53273994e+03
 1.59574718e+01 3.57881597e+04 1.17656841e+02 1.55240343e+03
 0.00000000e+00 1.04555083e+02 2.73851778e+01 1.61211291e+01
 7.02962981e+03 1.31789701e+02 4.27585579e+02 1.76865969e+03
 1.29754917e+03 2.20659969e+01 2.06104119e+03 7.02629440e+03
 9.51180623e+03 2.72176406e+03 1.53884499e+02 1.01335142e+03
 8.29375981e+02 1.11140138e+04 1.19798333e+04 7.42308295e+03
 9.67813460e+01 3.00082947e+01 6.24365669e+01 1.08669312e+04
 1.21931781e+04 3.54825758e+00 7.65221980e+00 0.00000000e+00
 6.76059665e+03 7.66985942e+03 1.72492714e+02 1.19821427e+04
 6.35469477e+03 6.61979052e+01 1.24608892e+04 8.42988123e+03
 5.53413624e+02 3.28845380e+00 0.00000000e+00 1.58461616e+01
 8.31164551e+03 1.80292366e+02 1.55433989e+03 1.05951084e+02
 1.90204798e+02 1.15262613e+02 4.74840663e+02 0.00000000e+00
 2.03517550e+03 4.79026408e+01 0.00000000e+00 9.13919395e+03
 5.89950771e+03 6.66413424e+01 1.37250813e+03 1.58938200e+04
 2.59665880e+01 9.88189852e+02 3.77126026e+00 1.51502579e+02
 3.85376124e+04 3.02225384e+01 4.59175807e+03 6.82658299e+00
 4.25255281e+01 1.93001171e+02 9.29602821e+02 1.40622871e+02
 1.99617044e+02 2.46612047e+02 7.70081449e+03 3.17504176e+02
 2.76503557e+01 2.51253358e+03 1.23359110e+02 0.00000000e+00
 2.53710127e+02 2.12905645e-01 2.69571132e+03 3.65346039e+03]
[2.92128510e+01 2.50978324e+02 4.90382808e+03 5.50813525e+00
 4.84882639e+00 1.29097786e+04 1.31041117e+04 1.48831667e+02
 1.35825672e+04 2.10551375e+02 2.27448801e+02 1.15845609e+00
 1.52700175e+04 1.98233022e+01 1.05865573e+03 1.98004814e+02
 3.94799500e+02 2.43300241e+03 2.36529123e+02 1.24621315e+01
 2.00501490e+04 2.38348393e+02 7.23980523e+00 5.89756932e+02
 4.13075956e+01 8.79615384e+03 7.04765340e+01 1.72455144e+02
 9.38167264e+03 2.41604654e+04 3.66956101e+04 2.35112633e+02
 3.43740162e+01 1.12040252e+03 3.30642927e+04 3.13065102e+03
 7.41800663e+03 2.09874043e+01 4.82339312e+02 6.03012792e+03
 0.00000000e+00 0.00000000e+00 8.59822353e+03 1.26704574e+02
 6.43122273e+03 6.44223499e+03 1.74522233e+02 4.42536642e+00
 0.00000000e+00 8.56382346e+00 2.49185663e+01 2.96607699e+02
 7.05171959e+02 1.38392955e+03 1.95756850e+01 2.31937366e+02
 1.75928715e+02 8.88377073e+02 8.17970351e+01 2.45116632e+04
 6.55500565e+02 1.21434781e+02 2.12145378e+04 3.86922782e+02
 2.44194079e+03 4.56701219e+02 8.99401397e+02 4.22423526e+00
 4.71408397e-01 1.95310333e+01 5.46323490e+01 2.47958942e+02
 3.42829635e+03 5.95695039e+02 2.71237274e+03 0.00000000e+00
 1.29432441e+02 9.88557014e+01 3.40890639e+03 7.49879980e+03
 1.11365027e+04 4.46428452e-03 7.32257561e+01 5.78367115e+03
 2.61617043e+01 7.08914704e+03 2.04027890e+00 3.00281131e+03
 7.35535662e+02 2.60537025e+04 1.73135766e+04 9.56833649e+01
 3.30915621e+02 1.65625221e+01 1.23527330e+02 0.00000000e+00
 1.58123239e+02 9.25599852e+02 0.00000000e+00 6.16896594e+01
 2.22166501e+02 1.29969289e+04 4.48644859e+01 1.16284666e+03
 1.34964386e+02 9.92469117e-02 6.51490842e+02 3.27030341e+02
 1.43654668e+02 6.93579981e+01 1.40315961e+03 2.29500583e+02
 2.45952158e+04 1.13474196e+03 1.15272470e+02 3.33226208e+04
 5.79906843e+03 4.41908144e+03 4.32441044e+02 5.02608909e+02
 5.41799807e+02 5.84301591e+02 4.97441062e+03 0.00000000e+00
 4.45364715e+04 4.86284820e+02 1.69637897e+04 7.85519814e+00]
[1.91987292e+02 4.19735663e+03 9.60363732e+03 8.81974261e+00
 1.01699424e+02 9.60829737e+03 8.69246350e+02 2.55338162e+02
 1.03283696e+02 1.03715438e+03 9.17319786e+03 1.04460366e+02
 5.44751022e+03 2.75874298e+03 1.22910313e+03 9.09515394e+02
 1.10937951e+04 4.59092014e+00 5.57110279e+02 1.32295968e+00
 5.40069540e+03 2.76143158e+02 2.58864152e+01 4.15830138e+00
 2.32097005e+04 8.81542013e+02 2.63270348e-01 8.51945981e+00
 8.99813525e+02 1.93221534e+04 2.41690835e+04 6.54972562e+01
 8.19492954e+00 4.64890257e-01 4.11363817e+03 1.24797433e+04
 8.49374232e+03 3.24091240e+01 1.66343749e+03 2.17892761e+02
 0.00000000e+00 0.00000000e+00 9.81648175e+02 1.02394272e+01
 4.23246479e+02 1.45012840e+01 2.41719823e+02 1.23873601e+03
 0.00000000e+00 1.69949161e+04 9.55688772e+02 9.20892504e+02
 1.55928828e+03 1.35761518e+04 9.35391217e+00 1.42146087e+01
 1.83884174e+00 7.62366347e+03 4.82488948e+01 2.29822503e+04
 2.33372431e+02 4.83115215e+03 7.49928453e+02 2.55752368e-01
 6.41662422e+03 4.37544920e+03 6.46669239e+01 3.31991826e+01
 5.53826854e+00 0.00000000e+00 3.72846721e-01 3.51265810e+02
 1.30469366e+02 5.93248735e+01 3.53197248e+02 0.00000000e+00
 3.16421726e+02 1.65905683e+03 5.78755567e+00 1.53237449e+04
 1.17878906e+04 1.36085616e+03 2.14400773e+04 8.93789440e+03
 1.10024223e+02 1.79874204e+04 2.22055526e+00 9.00608917e+00
 1.44701059e+04 3.15910209e+04 6.13466191e+03 1.90487418e+02
 1.52760250e+01 1.14803951e+03 2.00240272e+04 0.00000000e+00
 2.45685626e+02 2.92258664e+03 0.00000000e+00 9.55934768e+03
 9.09878920e+01 9.88559492e-01 4.48969565e+00 1.38002415e+04
 0.00000000e+00 1.66497266e+04 3.27276886e+00 2.87813703e+01
 1.75097331e+03 9.83859728e+01 3.78665090e+03 0.00000000e+00
 2.04458001e+02 1.45774536e+03 2.69960174e+03 2.91126191e+04
 5.21649874e+01 3.09700899e+03 5.53824186e+02 7.67298280e+01
 1.68294579e+03 5.77545239e+02 5.26538952e+03 0.00000000e+00
 4.05803509e+04 0.00000000e+00 1.00146850e+03 2.96909879e+03]
[9.54747425e+03 2.28108422e+01 5.76721488e+02 4.02888979e+02
 7.05045596e+02 2.00391968e+02 1.83030827e+04 1.71377882e+01
 6.55607542e+00 1.21405457e+02 1.56432009e+01 7.25808495e+03
 3.74867045e+03 1.18202856e+04 2.77816341e+00 8.01120942e+02
 2.25342747e+01 7.96681773e+02 6.16522581e+03 8.19422861e+02
 1.87617688e+04 8.43071203e+03 4.82795415e+03 5.81969836e+03
 1.75347394e+01 1.33313858e+03 2.33697926e+04 1.59023642e+04
 9.33663412e+03 1.10071668e+03 1.48284058e+02 3.26576776e+03
 1.14768832e+04 6.13078529e+03 1.09080534e+03 6.07283069e+01
 2.83983937e+02 1.97563277e+03 5.58870255e+01 2.01144779e+03
 0.00000000e+00 0.00000000e+00 2.45225072e+01 1.04532948e+03
 2.30299636e+01 1.01112634e+04 1.16797552e+01 1.38487272e+03
 0.00000000e+00 9.01575238e-02 1.12036159e+02 1.12644886e+03
 1.83462601e+02 1.87792887e+01 1.56343724e+03 2.82506645e+01
 1.13034070e+04 2.59977622e+01 3.63246058e+03 4.08166663e+01
 1.16868863e+03 4.35755787e+01 1.21114584e+04 8.62771158e+01
 2.26599508e+02 1.12626750e+02 8.12800528e+02 2.68467972e+01
 9.80411209e+02 1.61722799e+01 2.53725043e+01 2.79000169e+02
 4.02846428e+03 2.52595584e+03 1.89168820e+03 0.00000000e+00
 4.20707505e+03 4.64036618e+03 2.97580719e+02 1.59801408e+02
 3.11123788e+02 1.08226152e+03 4.55307188e+02 1.03763028e+03
 1.85646216e+03 0.00000000e+00 9.72358564e+01 1.70094255e+04
 1.21934802e+02 4.05406305e+00 4.98250359e+02 6.35000766e+02
 5.94528676e+03 3.70582530e+03 1.89716618e-01 0.00000000e+00
 8.75436791e+03 8.99555820e+02 5.66489354e-01 1.63769516e+03
 1.26512048e+04 1.47090358e+03 3.27300592e+02 2.95232730e+01
 3.57850071e+01 2.65060997e+00 7.07639817e+02 1.01374119e+04
 5.51463994e+03 2.40950910e+03 7.35849900e+01 4.04018650e-01
 2.40222488e+02 5.73437923e+01 4.76245418e+03 8.29873821e+01
 3.01730082e+02 4.26473688e+03 6.86421539e+01 7.41511593e+03
 7.21832011e+02 1.96496374e+03 5.39844470e+02 2.04394723e+02
 8.75463047e+02 0.00000000e+00 6.99904019e+01 8.65832259e+02]
[7.41572254e+01 1.07056719e+04 4.28525467e+01 4.59753621e+03
 3.98359311e+00 1.75878765e+03 3.15241812e+03 2.01679616e+03
 1.54394972e+01 7.66449733e+01 1.77702927e+03 3.52533498e+01
 2.43867474e+04 1.64234721e+02 6.40812986e+03 1.42738555e+00
 1.52562858e+01 1.89343397e+04 6.66568506e+03 5.07117633e+01
 6.85547457e+04 4.23156757e+03 1.06825392e+04 1.95826627e+03
 4.52116279e+02 5.15080024e+01 2.99461745e-02 4.71359443e+02
 2.37191100e+04 1.90137413e+03 4.41050363e+03 1.19474407e+02
 5.91311664e+02 1.72005448e+02 3.60749321e+04 2.00989693e+03
 2.79404838e+03 2.23322582e+02 1.41890796e+02 1.28378275e+04
 0.00000000e+00 0.00000000e+00 2.06735444e+02 4.33500767e-01
 2.49575123e+01 5.42295214e+02 1.78588961e+02 1.47086738e+02
 0.00000000e+00 6.44721010e+00 3.59675255e+03 1.14556565e+02
 1.11019731e+02 4.76027291e+02 3.44645132e+02 2.30339888e+02
 1.25439881e+01 8.07739803e+03 9.03728024e+01 1.62977309e+03
 6.54712556e+00 4.36467291e+01 1.58268172e+04 2.28399722e+01
 3.87262243e+02 6.57510220e+03 9.76127624e+01 9.92956270e+01
 6.87797387e+01 0.00000000e+00 0.00000000e+00 5.86898761e+00
 9.92910392e+01 1.50186644e+00 6.09056164e+01 0.00000000e+00
 3.04430241e+02 6.10014668e+03 2.59840434e+02 1.15563980e+03
 1.41036651e+04 1.28365295e+02 1.74710609e+02 5.59544739e+02
 1.57633387e+04 2.93376257e+02 0.00000000e+00 5.07085169e+01
 1.13441527e+02 1.13965893e+04 2.09463487e+04 2.69787076e+03
 1.36079596e+02 8.28640494e+01 1.34795278e+01 0.00000000e+00
 1.11038792e+03 1.23939234e+03 0.00000000e+00 8.60317897e+03
 1.06571005e+04 2.31480070e+01 0.00000000e+00 8.86961397e+02
 2.36339524e-01 6.68366883e+01 3.93273656e+00 1.49866534e+03
 2.21052600e+02 2.57533322e+01 1.74931394e+04 3.96161328e+00
 6.11924623e+02 5.29013321e+01 7.79093664e+03 2.42881211e+04
 6.77522180e+01 2.99186999e+03 1.66081503e+01 6.09724863e+03
 7.73792233e+03 6.10877602e+03 4.40417183e+03 0.00000000e+00
 1.31339510e+04 3.57800770e+00 6.16221876e+02 4.32639502e+01]
[1.27507896e+03 4.36499323e+02 3.64712198e+02 7.02413685e+03
 6.16722303e+01 5.92171618e+00 2.17749826e+04 1.89271827e+02
 2.27907298e+02 9.79545681e+02 2.24088445e+03 2.70297294e+02
 2.76618807e+04 9.13413747e+02 1.92328545e+00 5.53865843e+03
 1.45389317e+03 2.01510876e+03 3.38378719e+02 7.41989672e+03
 3.50522442e+04 1.15818669e+02 2.31114112e+03 2.33892456e+02
 2.93783698e+01 1.87928452e+03 8.12180587e+03 1.72198831e+04
 1.23497836e+03 2.82506498e+02 2.36669142e+03 1.63194749e+01
 1.40487286e+01 5.87548799e+02 3.21980180e+03 2.98241598e+03
 3.14533866e+03 3.51976043e+03 1.55760531e+02 1.04930129e+02
 0.00000000e+00 0.00000000e+00 9.37028777e+01 3.87023949e+03
 1.17544713e+02 2.99799757e+04 7.55708730e+02 7.31813771e+00
 0.00000000e+00 0.00000000e+00 1.12710692e+02 0.00000000e+00
 1.85301556e+02 3.21286142e+02 7.84865149e+02 8.10684155e+01
 1.03722822e+04 7.10759923e+01 7.48570294e+03 2.58600110e+02
 1.01679369e+03 3.52307141e-01 7.54235891e+03 4.28978854e+03
 2.87198397e+03 9.49909168e+03 1.40499054e+03 2.66861121e+01
 4.16619262e+01 2.00883143e+02 2.90952981e+03 8.66904945e+02
 9.24205071e+02 1.07457778e+01 1.33795864e+01 0.00000000e+00
 1.89072161e+02 1.74864269e+04 2.04442440e+03 1.74939258e+02
 1.03628870e+04 1.11512087e+02 3.76724772e+02 2.45957045e+02
 1.03265354e+04 1.08448692e+01 0.00000000e+00 1.78147089e+03
 4.87842477e+01 1.31951354e+03 1.76029522e+04 4.04565516e+02
 1.87125748e+03 9.85038493e+01 3.39673151e+02 0.00000000e+00
 9.11208841e+02 5.53048922e+02 0.00000000e+00 3.07274934e+02
 2.31334443e+04 3.25437807e+03 3.83525776e+02 8.62692439e+00
 1.10635445e+00 6.34970360e+01 1.26844018e+01 1.03235512e+04
 4.59664984e+03 5.36233734e-01 9.69751827e+02 0.00000000e+00
 5.89463955e+02 3.59211260e+01 2.92887693e+02 1.43249762e+03
 4.62467876e+02 7.23394869e+02 3.34404230e+03 1.11072813e+03
 7.08916228e+01 3.30971897e+03 1.49556024e+03 1.78401981e+01
 6.96502452e+02 6.98663592e-02 2.26464885e+02 1.59494827e+02]

class_obs = ([479., 563., 488., 493., 535., 434., 501., 551., 462., 495.])


